2 0.5 1 16.9706 70.7107 1.42405 2 412 -320 16 8.58993e+09 2 9
3 0.333333 1.58496 20.7846 86.6025 1.75118 4.75489 918 -315 54 1.28849e+10 5.70452 27
4 0.25 2 24 100 2.02792 8 1624 -308 128 1.71799e+10 16 81
5 0.2 2.32193 26.8328 111.803 2.27235 11.6096 2530 -299 250 2.14748e+10 41.9718 243
6 0.166667 2.58496 29.3939 122.474 2.49377 15.5098 3636 -288 432 2.57698e+10 102.681 729
7 0.142857 2.80735 31.749 132.288 2.69774 19.6515 4942 -275 686 3.00648e+10 235.771 2187
8 0.125 3 33.9411 141.421 2.88786 24 6448 -260 1024 3.43597e+10 512 6561
9 0.111111 3.16993 36 150 3.06665 28.5293 8154 -243 1458 3.86547e+10 1058.95 19683
10 0.1 3.32193 37.9473 158.114 3.23594 33.2193 10060 -224 2000 4.29497e+10 2098.59 59049
11 0.0909091 3.45943 39.7995 165.831 3.39712 38.0537 12166 -203 2662 4.72446e+10 4005.22 177147
12 0.0833333 3.58496 41.5692 173.205 3.55126 43.0196 14472 -180 3456 5.15396e+10 7393.06 531441
13 0.0769231 3.70044 43.2666 180.278 3.69923 48.1057 16978 -155 4394 5.58346e+10 13245.9 1.59432e+06
14 0.0714286 3.80735 44.8999 187.083 3.84172 53.303 19684 -128 5488 6.01295e+10 23105.5 4.78297e+06
15 0.0666667 3.90689 46.4758 193.649 3.9793 58.6034 22590 -99 6750 6.44245e+10 39342.3 1.43489e+07
16 0.0625 4 48 200 4.11246 64 25696 -68 8192 6.87195e+10 65536 4.30467e+07
17 0.0588235 4.08746 49.4773 206.155 4.24159 69.4869 29002 -35 9826 7.30144e+10 107008 1.2914e+08
18 0.0555556 4.16993 50.9117 212.132 4.36706 75.0587 32508 0 11664 7.73094e+10 171551 3.8742e+08
19 0.0526316 4.24793 52.3068 217.945 4.48915 80.7106 36214 37 13718 8.16044e+10 270429 1.16226e+09
20 0.05 4.32193 53.6656 223.607 4.60814 86.4386 40120 76 16000 8.58993e+10 419718 3.48678e+09
21 0.047619 4.39232 54.9909 229.129 4.72424 92.2387 44226 117 18522 9.01943e+10 642106 1.04604e+10
22 0.0454545 4.45943 56.285 234.521 4.83766 98.1075 48532 160 21296 9.44893e+10 969264 3.13811e+10
23 0.0434783 4.52356 57.55 239.792 4.94859 104.042 53038 205 24334 9.87842e+10 1.44497e+06 9.41432e+10
24 0.0416667 4.58496 58.7878 244.949 5.05717 110.039 57744 252 27648 1.03079e+11 2.1292e+06 2.8243e+11
25 0.04 4.64386 60 250 5.16356 116.096 62650 301 31250 1.07374e+11 3.10336e+06 8.47289e+11
26 0.0384615 4.70044 61.1882 254.951 5.26789 122.211 67756 352 35152 1.11669e+11 4.4771e+06 2.54187e+12
27 0.037037 4.75489 62.3538 259.808 5.37026 128.382 73062 405 39366 1.15964e+11 6.39696e+06 7.6256e+12
28 0.0357143 4.80735 63.498 264.575 5.4708 134.606 78568 460 43904 1.20259e+11 9.05737e+06 2.28768e+13
29 0.0344828 4.85798 64.622 269.258 5.56959 140.881 84274 517 48778 1.24554e+11 1.27146e+07 6.86304e+13
30 0.0333333 4.90689 65.7267 273.861 5.66672 147.207 90180 576 54000 1.28849e+11 1.7704e+07 2.05891e+14
31 0.0322581 4.9542 66.8132 278.388 5.76228 153.58 96286 637 59582 1.33144e+11 2.44624e+07 6.17673e+14
32 0.03125 5 67.8823 282.843 5.85634 160 102592 700 65536 1.37439e+11 3.35544e+07 1.85302e+15
33 0.030303 5.04439 68.9348 287.228 5.94897 166.465 109098 765 71874 1.41734e+11 4.5707e+07 5.55906e+15
34 0.0294118 5.08746 69.9714 291.548 6.04024 172.974 115804 832 78608 1.46029e+11 6.18503e+07 1.66772e+16
35 0.0285714 5.12928 70.993 295.804 6.1302 179.525 122710 901 85750 1.50324e+11 8.31691e+07 5.00315e+16
36 0.0277778 5.16993 72 300 6.21891 186.117 129816 972 93312 1.54619e+11 1.11165e+08 1.50095e+17
37 0.027027 5.20945 72.9932 304.138 6.30642 192.75 137122 1045 101306 1.58914e+11 1.47732e+08 4.50284e+17
38 0.0263158 5.24793 73.973 308.221 6.39278 199.421 144628 1120 109744 1.63209e+11 1.95249e+08 1.35085e+18
39 0.025641 5.2854 74.94 312.25 6.47803 206.131 152334 1197 118638 1.67504e+11 2.56694e+08 4.05256e+18
40 0.025 5.32193 75.8947 316.228 6.56222 212.877 160240 1276 128000 1.71799e+11 3.35775e+08 1.21577e+19
41 0.0243902 5.35755 76.8375 320.156 6.64538 219.66 168346 1357 137842 1.76094e+11 4.37093e+08 3.6473e+19
42 0.0238095 5.39232 77.7689 324.037 6.72755 226.477 176652 1440 148176 1.80389e+11 5.66338e+08 1.09419e+20
43 0.0232558 5.42626 78.6893 327.872 6.80877 233.329 185158 1525 159014 1.84684e+11 7.3052e+08 3.28257e+20
44 0.0227273 5.45943 79.599 331.662 6.88907 240.215 193864 1612 170368 1.88979e+11 9.38248e+08 9.84771e+20
45 0.0222222 5.49185 80.4984 335.41 6.96849 247.133 202770 1701 182250 1.93274e+11 1.20005e+09 2.95431e+21
46 0.0217391 5.52356 81.388 339.116 7.04704 254.084 211876 1792 194672 1.97568e+11 1.52878e+09 8.86294e+21
47 0.0212766 5.55459 82.2679 342.783 7.12475 261.066 221182 1885 207646 2.01863e+11 1.94006e+09 2.65888e+22
48 0.0208333 5.58496 83.1384 346.41 7.20167 268.078 230688 1980 221184 2.06158e+11 2.45284e+09 7.97664e+22
49 0.0204082 5.61471 84 350 7.2778 275.121 240394 2077 235298 2.10453e+11 3.09001e+09 2.39299e+23
50 0.02 5.64386 84.8528 353.553 7.35317 282.193 250300 2176 250000 2.14748e+11 3.8792e+09 7.17898e+23
51 0.0196078 5.67243 85.6971 357.071 7.42781 289.294 260406 2277 265302 2.19043e+11 4.8536e+09 2.15369e+24
52 0.0192308 5.70044 86.5332 360.555 7.50173 296.423 270712 2380 281216 2.23338e+11 6.05304e+09 6.46108e+24
53 0.0188679 5.72792 87.3613 364.005 7.57497 303.58 281218 2485 297754 2.27633e+11 7.52515e+09 1.93832e+25
54 0.0185185 5.75489 88.1816 367.423 7.64752 310.764 291924 2592 314928 2.31928e+11 9.32677e+09 5.81497e+25
55 0.0181818 5.78136 88.9944 370.81 7.71943 317.975 302830 2701 332750 2.36223e+11 1.15256e+10 1.74449e+26
56 0.0178571 5.80735 89.7998 374.166 7.79069 325.212 313936 2812 351232 2.40518e+11 1.4202e+10 5.23348e+26
57 0.0175439 5.83289 90.598 377.492 7.86133 332.475 325242 2925 370386 2.44813e+11 1.74512e+10 1.57004e+27
58 0.0172414 5.85798 91.3893 380.789 7.93137 339.763 336748 3040 390224 2.49108e+11 2.13859e+10 4.71013e+27
59 0.0169492 5.88264 92.1737 384.057 8.00082 347.076 348454 3157 410758 2.53403e+11 2.61391e+10 1.41304e+28
60 0.0166667 5.90689 92.9516 387.298 8.0697 354.413 360360 3276 432000 2.57698e+11 3.18673e+10 4.23912e+28
61 0.0163934 5.93074 93.723 390.512 8.13801 361.775 372466 3397 453962 2.61993e+11 3.87545e+10 1.27173e+29
62 0.016129 5.9542 94.4881 393.7 8.20578 369.16 384772 3520 476656 2.66288e+11 4.70167e+10 3.8152e+29
63 0.015873 5.97728 95.247 396.863 8.27301 376.569 397278 3645 500094 2.70583e+11 5.69065e+10 1.14456e+30
64 0.015625 6 96 400 8.33973 384 409984 3772 524288 2.74878e+11 6.87195e+10 3.43368e+30
65 0.0153846 6.02237 96.7471 403.113 8.40593 391.454 422890 3901 549250 2.79173e+11 8.28001e+10 1.03011e+31
66 0.0151515 6.04439 97.4885 406.202 8.47164 398.93 435996 4032 574992 2.83468e+11 9.95499e+10 3.09032e+31
67 0.0149254 6.06609 98.2242 409.268 8.53686 406.428 449302 4165 601526 2.87763e+11 1.19435e+11 9.27095e+31
68 0.0147059 6.08746 98.9545 412.311 8.60161 413.947 462808 4300 628864 2.92058e+11 1.42998e+11 2.78128e+32
69 0.0144928 6.10852 99.6795 415.331 8.66589 421.488 476514 4437 657018 2.96353e+11 1.70866e+11 8.34385e+32
70 0.0142857 6.12928 100.399 418.33 8.72971 429.05 490420 4576 686000 3.00648e+11 2.03764e+11 2.50316e+33
71 0.0140845 6.14975 101.114 421.307 8.79309 436.632 504526 4717 715822 3.04943e+11 2.42533e+11 7.50947e+33
72 0.0138889 6.16993 101.823 424.264 8.85604 444.235 518832 4860 746496 3.09238e+11 2.88139e+11 2.25284e+34
73 0.0136986 6.18982 102.528 427.2 8.91856 451.857 533338 5005 778034 3.13533e+11 3.41697e+11 6.75852e+34
74 0.0135135 6.20945 103.228 430.116 8.98066 459.5 548044 5152 810448 3.17828e+11 4.04489e+11 2.02756e+35
75 0.0133333 6.22882 103.923 433.013 9.04235 467.161 562950 5301 843750 3.22123e+11 4.77988e+11 6.08267e+35
76 0.0131579 6.24793 104.614 435.89 9.10364 474.842 578056 5452 877952 3.26418e+11 5.6388e+11 1.8248e+36
77 0.012987 6.26679 105.3 438.748 9.16453 482.543 593362 5605 913066 3.30712e+11 6.64102e+11 5.4744e+36
78 0.0128205 6.2854 105.981 441.588 9.22504 490.261 608868 5760 949104 3.35007e+11 7.80864e+11 1.64232e+37
79 0.0126582 6.30378 106.658 444.41 9.28517 497.999 624574 5917 986078 3.39302e+11 9.16696e+11 4.92696e+37
80 0.0125 6.32193 107.331 447.214 9.34493 505.754 640480 6076 1.024e+06 3.43597e+11 1.07448e+12 1.47809e+38
81 0.0123457 6.33985 108 450 9.40432 513.528 656586 6237 1.06288e+06 3.47892e+11 1.2575e+12 4.43426e+38
82 0.0121951 6.35755 108.665 452.769 9.46335 521.319 672892 6400 1.10274e+06 3.52187e+11 1.46951e+12 1.33028e+39
83 0.0120482 6.37504 109.325 455.522 9.52204 529.128 689398 6565 1.14357e+06 3.56482e+11 1.71474e+12 3.99084e+39
84 0.0119048 6.39232 109.982 458.258 9.58037 536.955 706104 6732 1.18541e+06 3.60777e+11 1.99804e+12 1.19725e+40
85 0.0117647 6.40939 110.635 460.977 9.63837 544.798 723010 6901 1.22825e+06 3.65072e+11 2.32488e+12 3.59175e+40
86 0.0116279 6.42626 111.283 463.681 9.69604 552.659 740116 7072 1.27211e+06 3.69367e+11 2.70146e+12 1.07753e+41
87 0.0114943 6.44294 111.929 466.369 9.75337 560.536 757422 7245 1.31701e+06 3.73662e+11 3.13482e+12 3.23258e+41
88 0.0113636 6.45943 112.57 469.042 9.81039 568.43 774928 7420 1.36294e+06 3.77957e+11 3.6329e+12 9.69774e+41
89 0.011236 6.47573 113.208 471.699 9.86709 576.34 792634 7597 1.40994e+06 3.82252e+11 4.20465e+12 2.90932e+42
90 0.0111111 6.49185 113.842 474.342 9.92347 584.267 810540 7776 1.458e+06 3.86547e+11 4.86021e+12 8.72796e+42
91 0.010989 6.50779 114.473 476.97 9.97955 592.209 828646 7957 1.50714e+06 3.90842e+11 5.61098e+12 2.61839e+43
92 0.0108696 6.52356 115.1 479.583 10.0353 600.168 846952 8140 1.55738e+06 3.95137e+11 6.46981e+12 7.85517e+43
93 0.0107527 6.53916 115.724 482.183 10.0908 608.142 865458 8325 1.60871e+06 3.99432e+11 7.45114e+12 2.35655e+44
94 0.0106383 6.55459 116.344 484.768 10.146 616.131 884164 8512 1.66117e+06 4.03727e+11 8.5712e+12 7.06965e+44
95 0.0105263 6.56986 116.962 487.34 10.2009 624.136 903070 8701 1.71475e+06 4.08022e+11 9.84824e+12 2.1209e+45
96 0.0104167 6.58496 117.576 489.898 10.2555 632.156 922176 8892 1.76947e+06 4.12317e+11 1.13027e+13 6.36269e+45
97 0.0103093 6.59991 118.186 492.443 10.3099 640.192 941482 9085 1.82535e+06 4.16612e+11 1.29575e+13 1.90881e+46
98 0.0102041 6.61471 118.794 494.975 10.3639 648.242 960988 9280 1.88238e+06 4.20907e+11 1.48383e+13 5.72642e+46
99 0.010101 6.62936 119.398 497.494 10.4178 656.306 980694 9477 1.9406e+06 4.25202e+11 1.69737e+13 1.71793e+47
100 0.01 6.64386 120 500 10.4713 664.386 1.0006e+06 9676 2e+06 4.29497e+11 1.9396e+13 5.15378e+47
